,NAME,NHOOD,RegionName,12/31/10,12/31/11,12/31/12,12/31/13,12/31/14,12/31/15,12/31/16,12/31/17,12/31/18
0,102,Russian Hill,Russian Hill,1111298,1038390,1191963,1357371,1446584,1648718,1669551,1733896,1832751
1,103,Russian Hill,Russian Hill,1111298,1038390,1191963,1357371,1446584,1648718,1669551,1733896,1832751
2,109,Russian Hill,Russian Hill,1111298,1038390,1191963,1357371,1446584,1648718,1669551,1733896,1832751
3,110,Russian Hill,Russian Hill,1111298,1038390,1191963,1357371,1446584,1648718,1669551,1733896,1832751
4,112,Nob Hill,Nob Hill,937254,905532,1042292,1182235,1310021,1496175,1497246,1582035,1556427
5,121,Nob Hill,Nob Hill,937254,905532,1042292,1182235,1310021,1496175,1497246,1582035,1556427
6,120,Nob Hill,Nob Hill,937254,905532,1042292,1182235,1310021,1496175,1497246,1582035,1556427
7,119.02,Nob Hill,Nob Hill,937254,905532,1042292,1182235,1310021,1496175,1497246,1582035,1556427
8,111,Nob Hill,Nob Hill,937254,905532,1042292,1182235,1310021,1496175,1497246,1582035,1556427
9,119.01,Nob Hill,Nob Hill,937254,905532,1042292,1182235,1310021,1496175,1497246,1582035,1556427
10,108,Nob Hill,Nob Hill,937254,905532,1042292,1182235,1310021,1496175,1497246,1582035,1556427
11,124.01,Tenderloin,Tenderloin,492425,460216,512963,604599,651922,746688,743569,735017,764299
12,122.01,Tenderloin,Tenderloin,492425,460216,512963,604599,651922,746688,743569,735017,764299
13,124.02,Tenderloin,Tenderloin,492425,460216,512963,604599,651922,746688,743569,735017,764299
14,123.01,Tenderloin,Tenderloin,492425,460216,512963,604599,651922,746688,743569,735017,764299
15,125.01,Tenderloin,Tenderloin,492425,460216,512963,604599,651922,746688,743569,735017,764299
16,122.02,Tenderloin,Tenderloin,492425,460216,512963,604599,651922,746688,743569,735017,764299
17,123.02,Tenderloin,Tenderloin,492425,460216,512963,604599,651922,746688,743569,735017,764299
18,125.02,Tenderloin,Tenderloin,492425,460216,512963,604599,651922,746688,743569,735017,764299
19,133,Presidio Heights,Presidio Heights,1950038,2026860,2375878,2795726,3151676,3425486,3413094,3778602,4444702
20,154,Presidio Heights,Presidio Heights,1950038,2026860,2375878,2795726,3151676,3425486,3413094,3778602,4444702
21,163,Hayes Valley,Hayes Valley,774461,735567,857680,999539,1105247,1270619,1303520,1350270,1369865
22,164,Hayes Valley,Hayes Valley,774461,735567,857680,999539,1105247,1270619,1303520,1350270,1369865
23,168.01,Hayes Valley,Hayes Valley,774461,735567,857680,999539,1105247,1270619,1303520,1350270,1369865
24,162,Hayes Valley,Hayes Valley,774461,735567,857680,999539,1105247,1270619,1303520,1350270,1369865
25,168.02,Hayes Valley,Hayes Valley,774461,735567,857680,999539,1105247,1270619,1303520,1350270,1369865
26,178.01,South of Market,South of Market,631192,611274,722315,836792,928824,1049393,1004322,1021173,1044549
27,176.01,South of Market,South of Market,631192,611274,722315,836792,928824,1049393,1004322,1021173,1044549
28,178.02,South of Market,South of Market,631192,611274,722315,836792,928824,1049393,1004322,1021173,1044549
29,180,South of Market,South of Market,631192,611274,722315,836792,928824,1049393,1004322,1021173,1044549
30,208,Mission,Mission,723442,712524,828565,995806,1121395,1256502,1254558,1340337,1501810
31,177,Mission,Mission,723442,712524,828565,995806,1121395,1256502,1254558,1340337,1501810
32,207,Mission,Mission,723442,712524,828565,995806,1121395,1256502,1254558,1340337,1501810
33,201,Mission,Mission,723442,712524,828565,995806,1121395,1256502,1254558,1340337,1501810
34,228.01,Mission,Mission,723442,712524,828565,995806,1121395,1256502,1254558,1340337,1501810
35,228.03,Mission,Mission,723442,712524,828565,995806,1121395,1256502,1254558,1340337,1501810
36,229.03,Mission,Mission,723442,712524,828565,995806,1121395,1256502,1254558,1340337,1501810
37,210,Mission,Mission,723442,712524,828565,995806,1121395,1256502,1254558,1340337,1501810
38,229.01,Mission,Mission,723442,712524,828565,995806,1121395,1256502,1254558,1340337,1501810
39,202,Mission,Mission,723442,712524,828565,995806,1121395,1256502,1254558,1340337,1501810
40,228.02,Mission,Mission,723442,712524,828565,995806,1121395,1256502,1254558,1340337,1501810
41,209,Mission,Mission,723442,712524,828565,995806,1121395,1256502,1254558,1340337,1501810
42,229.02,Mission,Mission,723442,712524,828565,995806,1121395,1256502,1254558,1340337,1501810
43,227.04,Potrero Hill,Potrero Hill,747009,741205,834335,987125,1068217,1229783,1241419,1322083,1513328
44,227.02,Potrero Hill,Potrero Hill,747009,741205,834335,987125,1068217,1229783,1241419,1322083,1513328
45,614,Potrero Hill,Potrero Hill,747009,741205,834335,987125,1068217,1229783,1241419,1322083,1513328
46,226,Potrero Hill,Potrero Hill,747009,741205,834335,987125,1068217,1229783,1241419,1322083,1513328
47,233,Bayview,Bayview,494062,430059,479320,595757,678252,796473,852562,911102,969143
48,234,Bayview,Bayview,494062,430059,479320,595757,678252,796473,852562,911102,969143
49,230.03,Bayview,Bayview,494062,430059,479320,595757,678252,796473,852562,911102,969143
50,230.01,Bayview,Bayview,494062,430059,479320,595757,678252,796473,852562,911102,969143
51,610,Bayview,Bayview,494062,430059,479320,595757,678252,796473,852562,911102,969143
52,9809,Bayview,Bayview,494062,430059,479320,595757,678252,796473,852562,911102,969143
53,612,Bayview,Bayview,494062,430059,479320,595757,678252,796473,852562,911102,969143
54,231.02,Bayview,Bayview,494062,430059,479320,595757,678252,796473,852562,911102,969143
55,232,Bayview,Bayview,494062,430059,479320,595757,678252,796473,852562,911102,969143
56,258,Portola,Portola,578301,537956,608169,731958,784907,888144,915402,1027051,1113506
57,259,Portola,Portola,578301,537956,608169,731958,784907,888144,915402,1027051,1113506
58,257.01,Portola,Portola,578301,537956,608169,731958,784907,888144,915402,1027051,1113506
59,257.02,Portola,Portola,578301,537956,608169,731958,784907,888144,915402,1027051,1113506
60,302.02,Inner Sunset,Inner Sunset,889123,866659,972696,1109486,1241691,1445358,1450703,1600660,1766524
61,302.01,Inner Sunset,Inner Sunset,889123,866659,972696,1109486,1241691,1445358,1450703,1600660,1766524
62,301.01,Inner Sunset,Inner Sunset,889123,866659,972696,1109486,1241691,1445358,1450703,1600660,1766524
63,303.02,Inner Sunset,Inner Sunset,889123,866659,972696,1109486,1241691,1445358,1450703,1600660,1766524
64,301.02,Inner Sunset,Inner Sunset,889123,866659,972696,1109486,1241691,1445358,1450703,1600660,1766524
65,303.01,Inner Sunset,Inner Sunset,889123,866659,972696,1109486,1241691,1445358,1450703,1600660,1766524
66,314,Oceanview,Oceanview,567715,517240,577392,713520,774339,851955,847883,945840,1056262
67,313.02,Oceanview,Oceanview,567715,517240,577392,713520,774339,851955,847883,945840,1056262
68,402,Inner Richmond,Inner Richmond,1020187,989970,1135069,1315583,1474860,1689190,1675542,1856420,2100026
69,451,Inner Richmond,Inner Richmond,1020187,989970,1135069,1315583,1474860,1689190,1675542,1856420,2100026
70,401,Inner Richmond,Inner Richmond,1020187,989970,1135069,1315583,1474860,1689190,1675542,1856420,2100026
71,452,Inner Richmond,Inner Richmond,1020187,989970,1135069,1315583,1474860,1689190,1675542,1856420,2100026
72,312.01,Ingleside,Ingleside,625907,592815,700204,801483,874668,993584,977821,1099467,1254734
73,312.02,Ingleside,Ingleside,625907,592815,700204,801483,874668,993584,977821,1099467,1254734
74,260.03,Excelsior,Excelsior,539467,498902,569365,688659,740063,855684,900025,1023589,1135600
75,260.04,Excelsior,Excelsior,539467,498902,569365,688659,740063,855684,900025,1023589,1135600
76,263.01,Excelsior,Excelsior,539467,498902,569365,688659,740063,855684,900025,1023589,1135600
77,260.02,Excelsior,Excelsior,539467,498902,569365,688659,740063,855684,900025,1023589,1135600
78,260.01,Excelsior,Excelsior,539467,498902,569365,688659,740063,855684,900025,1023589,1135600
79,256,Excelsior,Excelsior,539467,498902,569365,688659,740063,855684,900025,1023589,1135600
80,263.02,Excelsior,Excelsior,539467,498902,569365,688659,740063,855684,900025,1023589,1135600
81,263.03,Excelsior,Excelsior,539467,498902,569365,688659,740063,855684,900025,1023589,1135600
82,118,Chinatown,Chinatown,1214955,1153583,1304190,1448001,1537678,1630621,1581876,1627311,1697203
83,611,Chinatown,Chinatown,1214955,1153583,1304190,1448001,1537678,1630621,1581876,1627311,1697203
84,107,Chinatown,Chinatown,1214955,1153583,1304190,1448001,1537678,1630621,1581876,1627311,1697203
85,113,Chinatown,Chinatown,1214955,1153583,1304190,1448001,1537678,1630621,1581876,1627311,1697203
86,203,Castro/Upper Market,Castro/Upper Market,939277,901842,1054539,1197639,1321667,1476607,1563953,1653765,1737926
87,170,Castro/Upper Market,Castro/Upper Market,939277,901842,1054539,1197639,1321667,1476607,1563953,1653765,1737926
88,204.01,Castro/Upper Market,Castro/Upper Market,939277,901842,1054539,1197639,1321667,1476607,1563953,1653765,1737926
89,205,Castro/Upper Market,Castro/Upper Market,939277,901842,1054539,1197639,1321667,1476607,1563953,1653765,1737926
90,169,Castro/Upper Market,Castro/Upper Market,939277,901842,1054539,1197639,1321667,1476607,1563953,1653765,1737926
91,206,Castro/Upper Market,Castro/Upper Market,939277,901842,1054539,1197639,1321667,1476607,1563953,1653765,1737926
92,214,Noe Valley,Noe Valley,1088562,1019965,1253199,1336541,1654869,1838801,1882039,2024003,2157111
93,213,Noe Valley,Noe Valley,1088562,1019965,1253199,1336541,1654869,1838801,1882039,2024003,2157111
94,216,Noe Valley,Noe Valley,1088562,1019965,1253199,1336541,1654869,1838801,1882039,2024003,2157111
95,211,Noe Valley,Noe Valley,1088562,1019965,1253199,1336541,1654869,1838801,1882039,2024003,2157111
96,212,Noe Valley,Noe Valley,1088562,1019965,1253199,1336541,1654869,1838801,1882039,2024003,2157111
97,215,Noe Valley,Noe Valley,1088562,1019965,1253199,1336541,1654869,1838801,1882039,2024003,2157111
98,329.01,Parkside,Parkside,784971,729333,820315,955678,1049209,1180735,1201902,1350316,1426100
99,328.02,Parkside,Parkside,784971,729333,820315,955678,1049209,1180735,1201902,1350316,1426100
100,329.02,Parkside,Parkside,784971,729333,820315,955678,1049209,1180735,1201902,1350316,1426100
101,353,Parkside,Parkside,784971,729333,820315,955678,1049209,1180735,1201902,1350316,1426100
102,330,Parkside,Parkside,784971,729333,820315,955678,1049209,1180735,1201902,1350316,1426100
103,354,Parkside,Parkside,784971,729333,820315,955678,1049209,1180735,1201902,1350316,1426100
104,328.01,Parkside,Parkside,784971,729333,820315,955678,1049209,1180735,1201902,1350316,1426100
105,331,Parkside,Parkside,784971,729333,820315,955678,1049209,1180735,1201902,1350316,1426100
106,332.03,Lakeshore,Lakeshore,878778,817168,907777,1055180,1166144,1207580,1342589,1452542,1555005
107,332.04,Lakeshore,Lakeshore,878778,817168,907777,1055180,1166144,1207580,1342589,1452542,1555005
108,332.01,Lakeshore,Lakeshore,878778,817168,907777,1055180,1166144,1207580,1342589,1452542,1555005
109,604,Lakeshore,Lakeshore,878778,817168,907777,1055180,1166144,1207580,1342589,1452542,1555005
110,426.02,Outer Richmond,Outer Richmond,819465,786980,870549,1026831,1191766,1331618,1420534,1477946,1594592
111,479.01,Outer Richmond,Outer Richmond,819465,786980,870549,1026831,1191766,1331618,1420534,1477946,1594592
112,478.01,Outer Richmond,Outer Richmond,819465,786980,870549,1026831,1191766,1331618,1420534,1477946,1594592
113,477.02,Outer Richmond,Outer Richmond,819465,786980,870549,1026831,1191766,1331618,1420534,1477946,1594592
114,479.02,Outer Richmond,Outer Richmond,819465,786980,870549,1026831,1191766,1331618,1420534,1477946,1594592
115,427,Outer Richmond,Outer Richmond,819465,786980,870549,1026831,1191766,1331618,1420534,1477946,1594592
116,477.01,Outer Richmond,Outer Richmond,819465,786980,870549,1026831,1191766,1331618,1420534,1477946,1594592
117,426.01,Outer Richmond,Outer Richmond,819465,786980,870549,1026831,1191766,1331618,1420534,1477946,1594592
118,476,Outer Richmond,Outer Richmond,819465,786980,870549,1026831,1191766,1331618,1420534,1477946,1594592
119,478.02,Outer Richmond,Outer Richmond,819465,786980,870549,1026831,1191766,1331618,1420534,1477946,1594592
120,313.01,Ingleside Heights,Ingleside Heights,546726,499287,577104,696066,760620,854881,881787,988558,1035950
121,254.03,Bernal Heights,Bernal Heights,854530,821968,929804,1110545,1260426,1415788,1418799,1473812,1591865
122,254.01,Bernal Heights,Bernal Heights,854530,821968,929804,1110545,1260426,1415788,1418799,1473812,1591865
123,254.02,Bernal Heights,Bernal Heights,854530,821968,929804,1110545,1260426,1415788,1418799,1473812,1591865
124,253,Bernal Heights,Bernal Heights,854530,821968,929804,1110545,1260426,1415788,1418799,1473812,1591865
125,252,Bernal Heights,Bernal Heights,854530,821968,929804,1110545,1260426,1415788,1418799,1473812,1591865
126,251,Bernal Heights,Bernal Heights,854530,821968,929804,1110545,1260426,1415788,1418799,1473812,1591865
127,156,Lone Mountain/USF,Lone Mountain/USF,946084,937616,1121805,1292273,1449191,1644684,1609963,1788078,2021840
128,157,Lone Mountain/USF,Lone Mountain/USF,946084,937616,1121805,1292273,1449191,1644684,1609963,1788078,2021840
129,165,Lone Mountain/USF,Lone Mountain/USF,946084,937616,1121805,1292273,1449191,1644684,1609963,1788078,2021840
130,131.01,Pacific Heights,Pacific Heights,1096781,1058185,1228922,1367778,1525834,1742195,1739987,1778705,1970454
131,132,Pacific Heights,Pacific Heights,1096781,1058185,1228922,1367778,1525834,1742195,1739987,1778705,1970454
132,134,Pacific Heights,Pacific Heights,1096781,1058185,1228922,1367778,1525834,1742195,1739987,1778705,1970454
133,135,Pacific Heights,Pacific Heights,1096781,1058185,1228922,1367778,1525834,1742195,1739987,1778705,1970454
134,153,Pacific Heights,Pacific Heights,1096781,1058185,1228922,1367778,1525834,1742195,1739987,1778705,1970454
135,131.02,Pacific Heights,Pacific Heights,1096781,1058185,1228922,1367778,1525834,1742195,1739987,1778705,1970454
136,152,Pacific Heights,Pacific Heights,1096781,1058185,1228922,1367778,1525834,1742195,1739987,1778705,1970454
137,126.02,Marina,Marina,1125521,1034271,1216682,1379080,1580301,1830816,1827334,1981589,2201326
138,127,Marina,Marina,1125521,1034271,1216682,1379080,1580301,1830816,1827334,1981589,2201326
139,130,Marina,Marina,1125521,1034271,1216682,1379080,1580301,1830816,1827334,1981589,2201326
140,129.02,Marina,Marina,1125521,1034271,1216682,1379080,1580301,1830816,1827334,1981589,2201326
141,129.01,Marina,Marina,1125521,1034271,1216682,1379080,1580301,1830816,1827334,1981589,2201326
142,128,Marina,Marina,1125521,1034271,1216682,1379080,1580301,1830816,1827334,1981589,2201326
143,126.01,Marina,Marina,1125521,1034271,1216682,1379080,1580301,1830816,1827334,1981589,2201326
144,158.02,Western Addition,Western Addition,709768,657713,781028,899167,1005536,1162622,1119341,1218494,1298890
145,158.01,Western Addition,Western Addition,709768,657713,781028,899167,1005536,1162622,1119341,1218494,1298890
146,161,Western Addition,Western Addition,709768,657713,781028,899167,1005536,1162622,1119341,1218494,1298890
147,159,Western Addition,Western Addition,709768,657713,781028,899167,1005536,1162622,1119341,1218494,1298890
148,151,Western Addition,Western Addition,709768,657713,781028,899167,1005536,1162622,1119341,1218494,1298890
149,160,Western Addition,Western Addition,709768,657713,781028,899167,1005536,1162622,1119341,1218494,1298890
150,310,Westwood Highlands,Westwood Highlands,916646,886738,999755,1158478,1367193,1567120,1569029,1710517,1801003
151,306,Forest Hill,Forest Hill,1110679,1103159,1174456,1341706,1474369,1752782,1832803,2031143,2175994
152,304,Forest Hill,Forest Hill,1110679,1103159,1174456,1341706,1474369,1752782,1832803,2031143,2175994
153,311,Sunnyside,Sunnyside,822322,741417,867699,964978,1013142,1135730,1140483,1263978,1379676
154,326.02,Outer Sunset,Outer Sunset,700871,653921,744872,865259,946987,1134917,1165056,1269218,1380031
155,351,Outer Sunset,Outer Sunset,700871,653921,744872,865259,946987,1134917,1165056,1269218,1380031
156,326.01,Outer Sunset,Outer Sunset,700871,653921,744872,865259,946987,1134917,1165056,1269218,1380031
157,327,Outer Sunset,Outer Sunset,700871,653921,744872,865259,946987,1134917,1165056,1269218,1380031
158,352.02,Outer Sunset,Outer Sunset,700871,653921,744872,865259,946987,1134917,1165056,1269218,1380031
159,352.01,Outer Sunset,Outer Sunset,700871,653921,744872,865259,946987,1134917,1165056,1269218,1380031
160,218,Glen Park,Glen Park,892545,835631,972365,1156708,1294525,1497731,1466152,1540572,1718509
161,217,Glen Park,Glen Park,892545,835631,972365,1156708,1294525,1497731,1466152,1540572,1718509
162,231.03,Hunters Point,Hunters Point,453182,427274,456440,589381,607902,632485,705459,734763,804266
163,9806,Hunters Point,Hunters Point,453182,427274,456440,589381,607902,632485,705459,734763,804266
164,104,North Beach,North Beach,849228,795365,961386,1092795,1170084,1288369,1298292,1378749,1384994
165,106,North Beach,North Beach,849228,795365,961386,1092795,1170084,1288369,1298292,1378749,1384994
166,101,North Beach,North Beach,849228,795365,961386,1092795,1170084,1288369,1298292,1378749,1384994
167,167,Haight Ashbury,Haight Ashbury,887009,865345,1053531,1181343,1340797,1569935,1481297,1613722,1700237
168,171.01,Haight Ashbury,Haight Ashbury,887009,865345,1053531,1181343,1340797,1569935,1481297,1613722,1700237
169,171.02,Haight Ashbury,Haight Ashbury,887009,865345,1053531,1181343,1340797,1569935,1481297,1613722,1700237
170,166,Haight Ashbury,Haight Ashbury,887009,865345,1053531,1181343,1340797,1569935,1481297,1613722,1700237
171,262,Outer Mission,Outer Mission,530087,496024,557876,670899,747258,822966,824943,915136,1011466
172,261,Outer Mission,Outer Mission,530087,496024,557876,670899,747258,822966,824943,915136,1011466
173,255,Outer Mission,Outer Mission,530087,496024,557876,670899,747258,822966,824943,915136,1011466
174,264.01,Visitacion Valley,Visitacion Valley,529127,482784,562745,654949,710937,803285,809832,862396,917630
175,605.02,Visitacion Valley,Visitacion Valley,529127,482784,562745,654949,710937,803285,809832,862396,917630
176,264.04,Visitacion Valley,Visitacion Valley,529127,482784,562745,654949,710937,803285,809832,862396,917630
177,264.03,Visitacion Valley,Visitacion Valley,529127,482784,562745,654949,710937,803285,809832,862396,917630
178,264.02,Visitacion Valley,Visitacion Valley,529127,482784,562745,654949,710937,803285,809832,862396,917630
179,105,Financial District,Financial District,786177,724619,919906,1023195,1076061,1162729,1104990,1119703,1134801
180,117,Financial District,Financial District,786177,724619,919906,1023195,1076061,1162729,1104990,1119703,1134801
181,428,Seacliff,Seacliff,2027236,1872762,2285785,2696002,3000960,3267731,3230769,3351982,3928996
182,601,Presidio,Presidio,1325304,1410054,1377261,1584807,1835492,1835955,1986979,2037068,2269956
183,615,South Beach,South Beach,803460,786237,928347,1062715,1178961,1349775,1333584,1348649,1383461
184,204.02,Midtown Terrace,Midtown Terrace,854693,816402,914968,1033945,1160031,1355348,1379412,1464665,1629050
185,305,Midtown Terrace,Midtown Terrace,854693,816402,914968,1033945,1160031,1355348,1379412,1464665,1629050
186,307,Miraloma Park,Miraloma Park,833390,797624,898839,1020614,1126043,1323828,1317329,1410907,1572287
187,309,St. Francis Wood,St. Francis Wood,1173853,1131428,1270692,1404932,1667168,2028321,2128474,2444044,2689480
188,308,St. Francis Wood,St. Francis Wood,1173853,1131428,1270692,1404932,1667168,2028321,2128474,2444044,2689480
189,607,Mission Bay,Mission Bay,762116,735919,860386,1021588,1135041,1293328,1233497,1284945,1331726
